CMDLINE /home/msys/venvs/flaskproj/bin/python3 mongo.py
MEM 1.468750 1524465828.4849
MEM 22.074219 1524465828.5915
MEM 28.007812 1524465828.6998
CHLD 0 10.253906 1524465828.7065
MEM 28.007812 1524465828.8068
CHLD 0 24.910156 1524465828.8131
MEM 28.007812 1524465828.9135
CHLD 0 28.035156 1524465828.9242
MEM 28.007812 1524465829.0247
CHLD 0 28.035156 1524465829.0376
MEM 28.007812 1524465829.1379
CHLD 0 28.035156 1524465829.1501
MEM 28.007812 1524465829.2505
CHLD 0 28.035156 1524465829.2627
MEM 28.007812 1524465829.3631
CHLD 0 28.035156 1524465829.3753
MEM 28.007812 1524465829.4757
CHLD 0 28.035156 1524465829.4880
MEM 28.007812 1524465829.5884
CHLD 0 28.035156 1524465829.6012
MEM 28.023438 1524465829.7016
CHLD 0 28.035156 1524465829.7143
MEM 28.023438 1524465829.8147
CHLD 0 28.035156 1524465829.8267
MEM 28.023438 1524465829.9271
CHLD 0 28.035156 1524465829.9392
MEM 28.023438 1524465830.0396
CHLD 0 28.035156 1524465830.0521
MEM 28.023438 1524465830.1525
CHLD 0 28.035156 1524465830.1649
MEM 28.023438 1524465830.2653
CHLD 0 28.035156 1524465830.2778
MEM 28.023438 1524465830.3782
CHLD 0 28.035156 1524465830.3902
MEM 28.023438 1524465830.4905
CHLD 0 28.035156 1524465830.5029
MEM 28.023438 1524465830.6033
CHLD 0 28.035156 1524465830.6157
MEM 28.023438 1524465830.7161
CHLD 0 28.035156 1524465830.7283
MEM 28.023438 1524465830.8287
CHLD 0 28.035156 1524465830.8407
MEM 28.023438 1524465830.9411
CHLD 0 28.035156 1524465830.9535
MEM 28.023438 1524465831.0539
CHLD 0 28.035156 1524465831.0665
MEM 28.023438 1524465831.1669
CHLD 0 28.035156 1524465831.1790
MEM 28.023438 1524465831.2794
CHLD 0 28.035156 1524465831.2917
MEM 28.023438 1524465831.3921
CHLD 0 28.035156 1524465831.4048
MEM 28.023438 1524465831.5052
CHLD 0 28.035156 1524465831.5177
MEM 28.023438 1524465831.6181
CHLD 0 28.035156 1524465831.6305
MEM 28.023438 1524465831.7309
CHLD 0 28.035156 1524465831.7423
MEM 28.023438 1524465831.8427
CHLD 0 28.035156 1524465831.8552
MEM 28.023438 1524465831.9555
CHLD 0 28.035156 1524465831.9680
MEM 28.023438 1524465832.0683
CHLD 0 28.035156 1524465832.0747
MEM 28.023438 1524465832.1751
CHLD 0 28.035156 1524465832.1867
MEM 28.023438 1524465832.2870
CHLD 0 28.035156 1524465832.2990
MEM 28.023438 1524465832.3994
CHLD 0 28.035156 1524465832.4116
MEM 28.023438 1524465832.5119
CHLD 0 28.035156 1524465832.5242
MEM 28.023438 1524465832.6247
CHLD 0 28.035156 1524465832.6367
MEM 28.023438 1524465832.7371
CHLD 0 28.035156 1524465832.7496
MEM 28.023438 1524465832.8500
CHLD 0 28.035156 1524465832.8613
MEM 28.023438 1524465832.9617
CHLD 0 28.035156 1524465832.9739
MEM 28.023438 1524465833.0743
CHLD 0 28.035156 1524465833.0868
MEM 28.023438 1524465833.1872
CHLD 0 28.035156 1524465833.1998
MEM 28.023438 1524465833.3001
CHLD 0 28.035156 1524465833.3126
MEM 28.023438 1524465833.4130
CHLD 0 28.035156 1524465833.4255
MEM 28.023438 1524465833.5259
CHLD 0 28.035156 1524465833.5384
MEM 28.023438 1524465833.6388
CHLD 0 28.035156 1524465833.6514
MEM 28.023438 1524465833.7518
CHLD 0 28.035156 1524465833.7642
MEM 28.023438 1524465833.8646
CHLD 0 28.035156 1524465833.8771
MEM 28.023438 1524465833.9775
CHLD 0 28.035156 1524465833.9901
MEM 28.023438 1524465834.0905
CHLD 0 28.035156 1524465834.1029
MEM 28.023438 1524465834.2033
CHLD 0 28.035156 1524465834.2159
MEM 28.023438 1524465834.3164
CHLD 0 28.035156 1524465834.3287
MEM 28.023438 1524465834.4291
CHLD 0 28.035156 1524465834.4417
MEM 28.023438 1524465834.5421
CHLD 0 28.035156 1524465834.5545
MEM 28.023438 1524465834.6549
CHLD 0 28.035156 1524465834.6673
MEM 28.023438 1524465834.7677
CHLD 0 28.035156 1524465834.7805
MEM 28.023438 1524465834.8809
CHLD 0 28.035156 1524465834.8932
MEM 28.023438 1524465834.9936
CHLD 0 28.035156 1524465835.0060
MEM 28.023438 1524465835.1063
CHLD 0 28.035156 1524465835.1185
MEM 28.023438 1524465835.2189
CHLD 0 28.035156 1524465835.2313
MEM 28.023438 1524465835.3317
CHLD 0 28.035156 1524465835.3444
MEM 28.023438 1524465835.4448
CHLD 0 28.035156 1524465835.4570
MEM 28.023438 1524465835.5574
CHLD 0 28.035156 1524465835.5701
MEM 28.023438 1524465835.6705
CHLD 0 28.035156 1524465835.6828
MEM 28.023438 1524465835.7832
CHLD 0 28.035156 1524465835.7955
MEM 28.023438 1524465835.8959
CHLD 0 28.035156 1524465835.9083
MEM 28.023438 1524465836.0086
CHLD 0 28.035156 1524465836.0148
MEM 28.023438 1524465836.1150
CHLD 0 28.035156 1524465836.1236
MEM 28.023438 1524465836.2240
CHLD 0 28.035156 1524465836.2361
MEM 28.023438 1524465836.3365
CHLD 0 28.035156 1524465836.3491
MEM 28.023438 1524465836.4495
CHLD 0 28.035156 1524465836.4618
MEM 28.023438 1524465836.5622
CHLD 0 28.035156 1524465836.5746
MEM 28.023438 1524465836.6750
CHLD 0 28.035156 1524465836.6871
MEM 28.023438 1524465836.7874
CHLD 0 28.035156 1524465836.7996
MEM 28.023438 1524465836.9001
CHLD 0 28.035156 1524465836.9122
MEM 28.023438 1524465837.0127
CHLD 0 28.035156 1524465837.0236
MEM 28.023438 1524465837.1241
CHLD 0 28.035156 1524465837.1341
MEM 28.023438 1524465837.2345
CHLD 0 28.035156 1524465837.2472
MEM 28.023438 1524465837.3476
CHLD 0 28.035156 1524465837.3578
MEM 28.023438 1524465837.4582
CHLD 0 28.035156 1524465837.4702
MEM 28.023438 1524465837.5707
CHLD 0 28.035156 1524465837.5832
MEM 28.023438 1524465837.6836
CHLD 0 28.035156 1524465837.6962
MEM 28.023438 1524465837.7966
CHLD 0 28.035156 1524465837.8056
MEM 28.023438 1524465837.9060
CHLD 0 28.035156 1524465837.9130
MEM 28.023438 1524465838.0133
CHLD 0 28.035156 1524465838.0194
MEM 28.023438 1524465838.1198
CHLD 0 28.035156 1524465838.1292
MEM 28.023438 1524465838.2297
CHLD 0 28.035156 1524465838.2425
MEM 28.023438 1524465838.3430
CHLD 0 28.035156 1524465838.3557
MEM 28.023438 1524465838.4562
CHLD 0 28.035156 1524465838.4681
MEM 28.023438 1524465838.5685
CHLD 0 28.035156 1524465838.5812
MEM 28.031250 1524465838.6816
CHLD 0 28.035156 1524465838.6938
MEM 28.031250 1524465838.7943
CHLD 0 28.035156 1524465838.8068
MEM 28.031250 1524465838.9072
CHLD 0 28.035156 1524465838.9198
MEM 28.031250 1524465839.0202
CHLD 0 28.035156 1524465839.0330
MEM 28.031250 1524465839.1334
CHLD 0 28.035156 1524465839.1459
MEM 28.031250 1524465839.2462
CHLD 0 28.035156 1524465839.2586
MEM 28.031250 1524465839.3590
CHLD 0 28.035156 1524465839.3716
MEM 28.031250 1524465839.4720
CHLD 0 28.035156 1524465839.4848
MEM 28.031250 1524465839.5853
CHLD 0 28.035156 1524465839.5967
MEM 28.031250 1524465839.6972
CHLD 0 28.035156 1524465839.7104
MEM 28.031250 1524465839.8109
CHLD 0 28.035156 1524465839.8237
MEM 28.031250 1524465839.9243
CHLD 0 28.035156 1524465839.9368
MEM 28.031250 1524465840.0372
CHLD 0 28.035156 1524465840.0500
MEM 28.031250 1524465840.1504
CHLD 0 28.035156 1524465840.1632
MEM 28.031250 1524465840.2635
CHLD 0 28.035156 1524465840.2759
MEM 28.031250 1524465840.3763
CHLD 0 28.035156 1524465840.3891
MEM 28.031250 1524465840.4895
CHLD 0 28.035156 1524465840.5020
MEM 28.031250 1524465840.6024
CHLD 0 28.035156 1524465840.6146
MEM 28.031250 1524465840.7151
CHLD 0 28.035156 1524465840.7278
MEM 28.031250 1524465840.8282
CHLD 0 28.035156 1524465840.8409
MEM 28.031250 1524465840.9414
CHLD 0 28.035156 1524465840.9523
MEM 28.031250 1524465841.0528
CHLD 0 28.035156 1524465841.0656
MEM 28.031250 1524465841.1661
CHLD 0 28.035156 1524465841.1790
MEM 28.031250 1524465841.2794
CHLD 0 28.035156 1524465841.2921
MEM 28.031250 1524465841.3925
CHLD 0 28.035156 1524465841.4054
MEM 28.031250 1524465841.5057
CHLD 0 28.035156 1524465841.5181
MEM 28.031250 1524465841.6186
CHLD 0 28.035156 1524465841.6309
MEM 28.031250 1524465841.7314
CHLD 0 28.035156 1524465841.7440
MEM 28.031250 1524465841.8444
CHLD 0 28.035156 1524465841.8564
MEM 28.031250 1524465841.9567
CHLD 0 28.035156 1524465841.9694
MEM 28.031250 1524465842.0697
CHLD 0 28.035156 1524465842.0761
MEM 28.031250 1524465842.1764
CHLD 0 28.035156 1524465842.1863
MEM 28.031250 1524465842.2866
CHLD 0 28.035156 1524465842.2936
MEM 28.031250 1524465842.3939
CHLD 0 28.035156 1524465842.4021
MEM 28.031250 1524465842.5055
CHLD 0 28.035156 1524465842.5184
MEM 28.031250 1524465842.6189
CHLD 0 28.035156 1524465842.6314
MEM 28.031250 1524465842.7318
CHLD 0 28.035156 1524465842.7443
MEM 28.031250 1524465842.8447
CHLD 0 28.035156 1524465842.8567
MEM 28.031250 1524465842.9570
CHLD 0 28.035156 1524465842.9692
MEM 28.031250 1524465843.0696
CHLD 0 28.035156 1524465843.0821
MEM 28.031250 1524465843.1826
CHLD 0 28.035156 1524465843.1949
MEM 28.031250 1524465843.2953
CHLD 0 28.035156 1524465843.3078
MEM 28.031250 1524465843.4082
CHLD 0 28.035156 1524465843.4214
MEM 28.031250 1524465843.5219
CHLD 0 28.035156 1524465843.5344
MEM 28.031250 1524465843.6349
CHLD 0 28.035156 1524465843.6470
MEM 28.031250 1524465843.7474
CHLD 0 28.035156 1524465843.7570
MEM 28.031250 1524465843.8574
CHLD 0 28.035156 1524465843.8694
MEM 28.031250 1524465843.9698
CHLD 0 28.035156 1524465843.9821
MEM 28.031250 1524465844.0825
CHLD 0 28.035156 1524465844.0951
MEM 28.031250 1524465844.1954
CHLD 0 28.035156 1524465844.2080
MEM 28.031250 1524465844.3084
CHLD 0 28.035156 1524465844.3215
MEM 28.031250 1524465844.4220
CHLD 0 28.035156 1524465844.4343
MEM 28.031250 1524465844.5348
CHLD 0 28.035156 1524465844.5476
MEM 28.031250 1524465844.6480
CHLD 0 28.035156 1524465844.6608
MEM 28.031250 1524465844.7611
CHLD 0 28.035156 1524465844.7739
MEM 28.031250 1524465844.8743
CHLD 0 28.035156 1524465844.8868
MEM 28.031250 1524465844.9873
CHLD 0 28.035156 1524465844.9999
MEM 28.031250 1524465845.1004
CHLD 0 28.035156 1524465845.1099
MEM 28.031250 1524465845.2104
CHLD 0 28.035156 1524465845.2221
MEM 28.031250 1524465845.3226
CHLD 0 28.035156 1524465845.3345
MEM 28.031250 1524465845.4350
CHLD 0 28.035156 1524465845.4477
MEM 28.031250 1524465845.5482
CHLD 0 28.035156 1524465845.5609
MEM 28.031250 1524465845.6614
CHLD 0 28.035156 1524465845.6748
MEM 28.031250 1524465845.7752
CHLD 0 28.035156 1524465845.7880
MEM 28.031250 1524465845.8884
CHLD 0 28.035156 1524465845.9010
MEM 28.031250 1524465846.0014
CHLD 0 28.035156 1524465846.0142
MEM 28.031250 1524465846.1145
CHLD 0 28.035156 1524465846.1269
MEM 28.031250 1524465846.2272
CHLD 0 28.035156 1524465846.2397
MEM 28.031250 1524465846.3402
CHLD 0 28.035156 1524465846.3529
MEM 28.031250 1524465846.4533
CHLD 0 28.035156 1524465846.4654
MEM 28.031250 1524465846.5658
CHLD 0 28.035156 1524465846.5780
MEM 28.031250 1524465846.6784
CHLD 0 28.035156 1524465846.6909
MEM 28.031250 1524465846.7913
CHLD 0 28.035156 1524465846.8036
MEM 28.031250 1524465846.9040
CHLD 0 28.035156 1524465846.9165
MEM 28.031250 1524465847.0169
CHLD 0 28.035156 1524465847.0295
MEM 28.031250 1524465847.1299
CHLD 0 28.035156 1524465847.1418
MEM 28.031250 1524465847.2422
CHLD 0 28.035156 1524465847.2545
MEM 28.031250 1524465847.3549
CHLD 0 28.035156 1524465847.3674
MEM 28.031250 1524465847.4678
CHLD 0 28.035156 1524465847.4802
MEM 28.031250 1524465847.5806
CHLD 0 28.035156 1524465847.5932
MEM 28.031250 1524465847.6937
CHLD 0 28.035156 1524465847.7064
MEM 28.031250 1524465847.8067
CHLD 0 28.035156 1524465847.8191
MEM 28.031250 1524465847.9195
CHLD 0 28.035156 1524465847.9319
MEM 28.031250 1524465848.0323
CHLD 0 28.035156 1524465848.0449
MEM 28.031250 1524465848.1453
CHLD 0 28.035156 1524465848.1579
MEM 28.031250 1524465848.2583
CHLD 0 28.035156 1524465848.2704
MEM 28.031250 1524465848.3708
CHLD 0 28.035156 1524465848.3834
MEM 28.031250 1524465848.4838
CHLD 0 28.035156 1524465848.4962
MEM 28.031250 1524465848.5966
CHLD 0 28.035156 1524465848.6078
MEM 28.031250 1524465848.7082
CHLD 0 28.035156 1524465848.7208
MEM 28.031250 1524465848.8212
CHLD 0 28.035156 1524465848.8330
MEM 28.031250 1524465848.9334
CHLD 0 28.035156 1524465848.9461
MEM 28.031250 1524465849.0464
CHLD 0 28.035156 1524465849.0585
MEM 28.031250 1524465849.1589
CHLD 0 28.035156 1524465849.1714
MEM 28.031250 1524465849.2718
CHLD 0 28.035156 1524465849.2841
MEM 28.031250 1524465849.3845
CHLD 0 28.035156 1524465849.3971
MEM 28.031250 1524465849.4975
CHLD 0 28.035156 1524465849.5101
MEM 28.031250 1524465849.6106
CHLD 0 28.035156 1524465849.6234
MEM 28.031250 1524465849.7238
CHLD 0 28.035156 1524465849.7359
MEM 28.031250 1524465849.8363
CHLD 0 28.035156 1524465849.8482
MEM 28.031250 1524465849.9486
CHLD 0 28.035156 1524465849.9613
MEM 28.031250 1524465850.0616
CHLD 0 28.035156 1524465850.0676
MEM 28.031250 1524465850.1678
CHLD 0 28.035156 1524465850.1745
MEM 28.031250 1524465850.2748
CHLD 0 28.035156 1524465850.2874
MEM 28.031250 1524465850.3878
CHLD 0 28.035156 1524465850.4003
MEM 28.031250 1524465850.5007
CHLD 0 28.035156 1524465850.5125
MEM 28.031250 1524465850.6129
CHLD 0 28.035156 1524465850.6255
MEM 28.031250 1524465850.7259
CHLD 0 28.035156 1524465850.7374
MEM 28.031250 1524465850.8378
CHLD 0 28.035156 1524465850.8504
MEM 28.031250 1524465850.9508
CHLD 0 28.035156 1524465850.9632
MEM 28.031250 1524465851.0636
CHLD 0 28.035156 1524465851.0760
MEM 28.031250 1524465851.1764
CHLD 0 28.035156 1524465851.1889
MEM 28.031250 1524465851.2893
CHLD 0 28.035156 1524465851.3019
MEM 28.031250 1524465851.4024
CHLD 0 28.035156 1524465851.4144
MEM 28.031250 1524465851.5148
CHLD 0 28.035156 1524465851.5274
MEM 28.031250 1524465851.6278
CHLD 0 28.035156 1524465851.6406
MEM 28.031250 1524465851.7410
CHLD 0 28.035156 1524465851.7538
MEM 28.031250 1524465851.8542
CHLD 0 28.035156 1524465851.8670
MEM 28.031250 1524465851.9674
CHLD 0 28.035156 1524465851.9800
MEM 28.031250 1524465852.0804
CHLD 0 28.035156 1524465852.0929
MEM 28.031250 1524465852.1933
CHLD 0 28.035156 1524465852.2051
MEM 28.031250 1524465852.3055
CHLD 0 28.035156 1524465852.3181
MEM 28.031250 1524465852.4184
CHLD 0 28.035156 1524465852.4309
MEM 28.031250 1524465852.5313
CHLD 0 28.035156 1524465852.5440
MEM 28.031250 1524465852.6444
CHLD 0 28.035156 1524465852.6569
MEM 28.031250 1524465852.7573
CHLD 0 28.035156 1524465852.7699
MEM 28.031250 1524465852.8702
CHLD 0 28.035156 1524465852.8826
MEM 28.031250 1524465852.9829
CHLD 0 28.035156 1524465852.9951
MEM 28.031250 1524465853.0955
CHLD 0 28.035156 1524465853.1083
MEM 28.031250 1524465853.2087
CHLD 0 28.035156 1524465853.2215
MEM 28.031250 1524465853.3218
CHLD 0 28.035156 1524465853.3343
MEM 28.031250 1524465853.4347
CHLD 0 28.035156 1524465853.4471
MEM 28.031250 1524465853.5475
CHLD 0 28.035156 1524465853.5598
MEM 28.031250 1524465853.6603
CHLD 0 28.035156 1524465853.6733
MEM 28.031250 1524465853.7737
CHLD 0 28.035156 1524465853.7861
MEM 28.031250 1524465853.8865
CHLD 0 28.035156 1524465853.8987
MEM 28.031250 1524465853.9990
CHLD 0 28.035156 1524465854.0114
MEM 28.031250 1524465854.1118
CHLD 0 28.035156 1524465854.1244
MEM 28.031250 1524465854.2248
CHLD 0 28.035156 1524465854.2372
MEM 28.031250 1524465854.3377
CHLD 0 28.035156 1524465854.3503
MEM 28.031250 1524465854.4507
CHLD 0 28.035156 1524465854.4631
MEM 28.031250 1524465854.5635
CHLD 0 28.035156 1524465854.5758
MEM 28.031250 1524465854.6762
CHLD 0 28.035156 1524465854.6882
MEM 28.031250 1524465854.7886
CHLD 0 28.035156 1524465854.8011
MEM 28.031250 1524465854.9015
CHLD 0 28.035156 1524465854.9141
MEM 28.031250 1524465855.0144
CHLD 0 28.035156 1524465855.0269
MEM 28.031250 1524465855.1273
CHLD 0 28.035156 1524465855.1397
MEM 28.031250 1524465855.2401
CHLD 0 28.035156 1524465855.2526
MEM 28.031250 1524465855.3530
CHLD 0 28.035156 1524465855.3656
MEM 28.031250 1524465855.4660
CHLD 0 28.035156 1524465855.4786
MEM 28.031250 1524465855.5790
CHLD 0 28.035156 1524465855.5915
MEM 28.031250 1524465855.6919
CHLD 0 28.035156 1524465855.7046
MEM 28.031250 1524465855.8050
CHLD 0 28.035156 1524465855.8176
MEM 28.031250 1524465855.9180
CHLD 0 28.035156 1524465855.9304
MEM 28.031250 1524465856.0307
CHLD 0 28.035156 1524465856.0432
MEM 28.031250 1524465856.1435
CHLD 0 28.035156 1524465856.1505
MEM 28.031250 1524465856.2508
CHLD 0 28.035156 1524465856.2628
MEM 28.031250 1524465856.3632
CHLD 0 28.035156 1524465856.3756
MEM 28.031250 1524465856.4760
CHLD 0 28.035156 1524465856.4883
MEM 28.031250 1524465856.5887
CHLD 0 28.035156 1524465856.6011
MEM 28.031250 1524465856.7016
CHLD 0 28.035156 1524465856.7133
MEM 28.031250 1524465856.8137
CHLD 0 28.035156 1524465856.8259
MEM 28.031250 1524465856.9263
CHLD 0 28.035156 1524465856.9386
MEM 28.031250 1524465857.0390
CHLD 0 28.035156 1524465857.0517
MEM 28.031250 1524465857.1521
CHLD 0 28.035156 1524465857.1645
MEM 28.031250 1524465857.2649
CHLD 0 28.035156 1524465857.2777
MEM 28.031250 1524465857.3781
CHLD 0 28.035156 1524465857.3905
MEM 28.031250 1524465857.4908
CHLD 0 28.035156 1524465857.5033
MEM 28.031250 1524465857.6038
CHLD 0 28.035156 1524465857.6165
MEM 28.031250 1524465857.7169
CHLD 0 28.035156 1524465857.7297
MEM 28.031250 1524465857.8300
CHLD 0 28.035156 1524465857.8415
MEM 28.031250 1524465857.9419
CHLD 0 28.035156 1524465857.9540
MEM 28.031250 1524465858.0544
CHLD 0 28.035156 1524465858.0669
MEM 28.031250 1524465858.1672
CHLD 0 28.035156 1524465858.1797
MEM 28.031250 1524465858.2801
CHLD 0 28.035156 1524465858.2925
MEM 28.031250 1524465858.3929
CHLD 0 28.035156 1524465858.4053
MEM 28.031250 1524465858.5057
CHLD 0 28.035156 1524465858.5179
MEM 28.031250 1524465858.6183
CHLD 0 28.035156 1524465858.6306
MEM 28.031250 1524465858.7311
CHLD 0 28.035156 1524465858.7436
MEM 28.031250 1524465858.8439
CHLD 0 28.035156 1524465858.8566
MEM 28.031250 1524465858.9570
CHLD 0 28.035156 1524465858.9696
MEM 28.031250 1524465859.0700
CHLD 0 28.035156 1524465859.0829
MEM 28.031250 1524465859.1832
CHLD 0 28.035156 1524465859.1958
MEM 28.031250 1524465859.2962
CHLD 0 28.035156 1524465859.3086
MEM 28.031250 1524465859.4090
CHLD 0 28.035156 1524465859.4217
MEM 28.031250 1524465859.5220
CHLD 0 28.035156 1524465859.5340
MEM 28.031250 1524465859.6344
CHLD 0 28.035156 1524465859.6469
